[gd_scene load_steps=20 format=2]

[ext_resource path="res://assets/shader/wall.tres" type="Material" id=1]

[sub_resource type="CubeMesh" id=2]
material = ExtResource( 1 )
size = Vector3( 1, 1, 10 )

[sub_resource type="ConvexPolygonShape" id=8]
points = PoolVector3Array( -0.5, 0.5, -4.78478, 0.5, 0.357087, 4.78478, 0.5, -0.5, 4.78478, -0.5, -0.5, 4.78478, 0.5, -0.5, -4.78478, -0.5, 0.5, 4.78478, -0.5, -0.5, -4.78478, 0.5, 0.404757, -4.78478, 0.499902, 0.5, 4.78478 )

[sub_resource type="CubeMesh" id=3]
material = ExtResource( 1 )
size = Vector3( 1, 1, 7.5 )

[sub_resource type="ConvexPolygonShape" id=9]
points = PoolVector3Array( -0.5, -0.499998, -3.61572, 0.499908, 0.5, 3.46835, 0.5, -0.479286, 3.469, -0.5, -0.499998, 3.61572, -0.479294, 0.5, 3.46903, 0.499908, 0.5, -3.46835, 0.5, -0.479286, -3.469, -0.479294, 0.5, -3.46903 )

[sub_resource type="ConvexPolygonShape" id=10]
points = PoolVector3Array( -0.5, 0.5, -4.78478, 0.5, 0.357087, 4.78478, 0.5, -0.5, 4.78478, -0.5, -0.5, 4.78478, 0.5, -0.5, -4.78478, -0.5, 0.5, 4.78478, -0.5, -0.5, -4.78478, 0.5, 0.404757, -4.78478, 0.499902, 0.5, 4.78478 )

[sub_resource type="ConvexPolygonShape" id=11]
points = PoolVector3Array( -0.5, 0.5, -4.78478, 0.5, 0.357087, 4.78478, 0.5, -0.5, 4.78478, -0.5, -0.5, 4.78478, 0.5, -0.5, -4.78478, -0.5, 0.5, 4.78478, -0.5, -0.5, -4.78478, 0.5, 0.404757, -4.78478, 0.499902, 0.5, 4.78478 )

[sub_resource type="CubeMesh" id=4]
material = ExtResource( 1 )
size = Vector3( 1, 1, 7.5 )

[sub_resource type="ConvexPolygonShape" id=12]
points = PoolVector3Array( -0.5, -0.499998, -3.61572, 0.499908, 0.5, 3.46835, 0.5, -0.479286, 3.469, -0.5, -0.499998, 3.61572, -0.479294, 0.5, 3.46903, 0.499908, 0.5, -3.46835, 0.5, -0.479286, -3.469, -0.479294, 0.5, -3.46903 )

[sub_resource type="CubeMesh" id=5]
material = ExtResource( 1 )
size = Vector3( 1, 1, 12.5 )

[sub_resource type="ConvexPolygonShape" id=13]
points = PoolVector3Array( -0.5, -0.499997, -5.94901, 0.499899, 0.5, 5.73631, 0.5, -0.481896, 5.73749, -0.5, -0.499997, 5.94901, -0.481896, 0.5, 5.73744, 0.499995, 0.5, -5.73744, 0.5, -0.481896, -5.73749, -0.481896, 0.5, -5.73744 )

[sub_resource type="ConvexPolygonShape" id=14]
points = PoolVector3Array( -0.5, 0.5, -4.78478, 0.5, 0.357087, 4.78478, 0.5, -0.5, 4.78478, -0.5, -0.5, 4.78478, 0.5, -0.5, -4.78478, -0.5, 0.5, 4.78478, -0.5, -0.5, -4.78478, 0.5, 0.404757, -4.78478, 0.499902, 0.5, 4.78478 )

[sub_resource type="ConvexPolygonShape" id=15]
points = PoolVector3Array( -0.5, -0.499997, -5.94901, 0.499899, 0.5, 5.73631, 0.5, -0.481896, 5.73749, -0.5, -0.499997, 5.94901, -0.481896, 0.5, 5.73744, 0.499995, 0.5, -5.73744, 0.5, -0.481896, -5.73749, -0.481896, 0.5, -5.73744 )

[sub_resource type="CubeMesh" id=6]
material = ExtResource( 1 )
size = Vector3( 1, 1, 9 )

[sub_resource type="ConvexPolygonShape" id=16]
points = PoolVector3Array( -0.5, -0.5, -4.30913, 0.5, 0.5, 4.45277, 0.483607, -0.5, 4.30913, 0.5, 0.5, -4.45277, -0.5, 0.483607, 4.30913, 0.483607, -0.5, -4.30913, -0.5, 0.483607, -4.30913, -0.5, -0.5, 4.30913 )

[sub_resource type="ConvexPolygonShape" id=17]
points = PoolVector3Array( -0.5, -0.499997, -5.94901, 0.499899, 0.5, 5.73631, 0.5, -0.481896, 5.73749, -0.5, -0.499997, 5.94901, -0.481896, 0.5, 5.73744, 0.499995, 0.5, -5.73744, 0.5, -0.481896, -5.73749, -0.481896, 0.5, -5.73744 )

[sub_resource type="ConvexPolygonShape" id=18]
points = PoolVector3Array( -0.5, -0.499997, -5.94901, 0.499899, 0.5, 5.73631, 0.5, -0.481896, 5.73749, -0.5, -0.499997, 5.94901, -0.481896, 0.5, 5.73744, 0.499995, 0.5, -5.73744, 0.5, -0.481896, -5.73749, -0.481896, 0.5, -5.73744 )

[sub_resource type="CubeMesh" id=7]
material = ExtResource( 1 )
size = Vector3( 1, 1, 4 )

[sub_resource type="ConvexPolygonShape" id=19]
points = PoolVector3Array( 0.499962, 0.5, 1.91364, -0.5, -0.499999, -1.94843, -0.490992, 0.5, -1.91364, -0.5, -0.499999, 1.94843, 0.5, -0.491029, -1.91378, 0.5, -0.491029, 1.91378, -0.490992, 0.5, 1.91364, 0.499962, 0.5, -1.91364 )

[node name="basic_loop" type="StaticBody"]

[node name="1" type="MeshInstance" parent="."]
transform = Transform( 1, 0, 0, 0, 1, 0, 0, 0, 1, -3, 0, 0 )
mesh = SubResource( 2 )
material/0 = null

[node name="CollisionShape" type="CollisionShape" parent="."]
transform = Transform( 1, 0, 0, 0, 1, 0, 0, 0, 1, -3, 0, 0 )
shape = SubResource( 8 )

[node name="2" type="MeshInstance" parent="."]
transform = Transform( 1, 0, 0, 0, 1, 0, 0, 0, 1, 3, 0, 0 )
mesh = SubResource( 3 )
material/0 = null

[node name="CollisionShape2" type="CollisionShape" parent="."]
transform = Transform( 1, 0, 0, 0, 1, 0, 0, 0, 1, 3, 0, 0 )
shape = SubResource( 9 )

[node name="3" type="MeshInstance" parent="."]
transform = Transform( 0.907543, 0, 0.419959, 0, 1, 0, -0.419959, 0, 0.907543, -0.942556, 0, 9.31458 )
mesh = SubResource( 2 )
material/0 = null

[node name="CollisionShape3" type="CollisionShape" parent="."]
transform = Transform( 0.907543, 0, 0.419959, 0, 1, 0, -0.419959, 0, 0.907543, -0.942556, 0, 9.31458 )
shape = SubResource( 10 )

[node name="4" type="MeshInstance" parent="."]
transform = Transform( 0.711499, 0, 0.702687, 0, 1, 0, -0.702687, 0, 0.711499, 6.38293, 0, 6.95866 )
mesh = SubResource( 2 )
material/0 = null

[node name="CollisionShape4" type="CollisionShape" parent="."]
transform = Transform( 0.711499, 0, 0.702687, 0, 1, 0, -0.702687, 0, 0.711499, 6.38293, 0, 6.95866 )
shape = SubResource( 11 )

[node name="5" type="MeshInstance" parent="."]
transform = Transform( 0.326773, 0, 0.945103, 0, 1, 0, -0.945103, 0, 0.326773, 4.40205, 0, 14.8108 )
mesh = SubResource( 4 )
material/0 = null

[node name="CollisionShape5" type="CollisionShape" parent="."]
transform = Transform( 0.326773, 0, 0.945103, 0, 1, 0, -0.945103, 0, 0.326773, 4.40205, 0, 14.8108 )
shape = SubResource( 12 )

[node name="6" type="MeshInstance" parent="."]
transform = Transform( -0.354927, 0, 0.934894, 0, 1, 0, -0.934894, 0, -0.354927, 13.4409, 0, 13.8103 )
mesh = SubResource( 5 )
material/0 = null

[node name="CollisionShape6" type="CollisionShape" parent="."]
transform = Transform( -0.354927, 0, 0.934894, 0, 1, 0, -0.934894, 0, -0.354927, 13.4409, 0, 13.8103 )
shape = SubResource( 13 )

[node name="7" type="MeshInstance" parent="."]
transform = Transform( -0.999631, 0, -0.0271715, 0, 1, 0, 0.0271715, 0, -0.999631, 9.91577, 0, 5.85373 )
mesh = SubResource( 2 )
material/0 = null

[node name="CollisionShape7" type="CollisionShape" parent="."]
transform = Transform( -0.999631, 0, -0.0271715, 0, 1, 0, 0.0271715, 0, -0.999631, 9.91577, 0, 5.85373 )
shape = SubResource( 14 )

[node name="8" type="MeshInstance" parent="."]
transform = Transform( -0.99991, 0, 0.0134386, 0, 1, 0, -0.0134386, 0, -0.99991, 19.0427, 0, 5.79822 )
mesh = SubResource( 5 )
material/0 = null

[node name="CollisionShape8" type="CollisionShape" parent="."]
transform = Transform( -0.99991, 0, 0.0134386, 0, 1, 0, -0.0134386, 0, -0.99991, 19.0427, 0, 5.79822 )
shape = SubResource( 15 )

[node name="9" type="MeshInstance" parent="."]
transform = Transform( -0.598073, 0, -0.801442, 0, 1, 0, 0.801442, 0, -0.598073, 6.39626, 0, -1.4728 )
mesh = SubResource( 6 )
material/0 = null

[node name="CollisionShape9" type="CollisionShape" parent="."]
transform = Transform( -0.598073, 0, -0.801442, 0, 1, 0, 0.801442, 0, -0.598073, 6.39626, 0, -1.4728 )
shape = SubResource( 16 )

[node name="10" type="MeshInstance" parent="."]
transform = Transform( -0.729828, 0, -0.683631, 0, 1, 0, 0.683631, 0, -0.729828, 14.9725, 0, -4.67708 )
mesh = SubResource( 5 )
material/0 = null

[node name="CollisionShape10" type="CollisionShape" parent="."]
transform = Transform( -0.729828, 0, -0.683631, 0, 1, 0, 0.683631, 0, -0.729828, 14.9725, 0, -4.67708 )
shape = SubResource( 17 )

[node name="11" type="MeshInstance" parent="."]
transform = Transform( 0.105084, 0, -0.994463, 0, 1, 0, 0.994463, 0, 0.105084, 4.91172, 0, -8.42156 )
mesh = SubResource( 5 )
material/0 = null

[node name="CollisionShape11" type="CollisionShape" parent="."]
transform = Transform( 0.105084, 0, -0.994463, 0, 1, 0, 0.994463, 0, 0.105084, 4.91172, 0, -8.42156 )
shape = SubResource( 18 )

[node name="12" type="MeshInstance" parent="."]
transform = Transform( 0.885102, 0, -0.465398, 0, 1, 0, 0.465398, 0, 0.885102, -2.13481, 0, -6.53715 )
mesh = SubResource( 7 )
material/0 = null

[node name="CollisionShape12" type="CollisionShape" parent="."]
transform = Transform( 0.885102, 0, -0.465398, 0, 1, 0, 0.465398, 0, 0.885102, -2.13481, 0, -6.53715 )
shape = SubResource( 19 )
